153019_ecoil_ybeL_ins;UHA	BA000036.3	100.000	1034	0	0	1	1034	151986	153019	0.0	1910
Cgl0006_1176_G_A_sub;UHA	BA000036.3	100.000	1026	0	0	1	1026	5504	6529	0.0	1895
Cgl0141_cds_del;UHA	BA000036.3	100.000	1035	0	0	1	1035	152188	153222	0.0	1912
Cgl0591_-1_Ppgk_promoter_ins;UHA	BA000036.3	100.000	1050	0	0	1	1050	603420	604469	0.0	1940
Cgl0851_ecoli_pgi_sub;UHA	BA000036.3	100.000	1036	0	0	1	1036	906720	907755	0.0	1914
Cgl1386_327_18to15_sub;UHA	BA000036.3	100.000	1027	0	0	1	1027	1453415	1454441	0.0	1897
Cgl1436_1113_CAA_del;UHA	BA000036.3	100.000	1023	0	0	1	1023	1513067	1514089	0.0	1890
Cgl1790_1647_TCC_sub;UHA	BA000036.3	100.000	1024	0	0	1	1024	1897994	1899017	0.0	1892
Cgl2342_213_GCA_ins;UHA	BA000036.3	100.000	1020	0	0	1	1020	2483855	2484874	0.0	1884
153019_ecoil_ybeL_ins;DHA	BA000036.3	100.000	1037	0	0	1	1037	153020	154056	0.0	1916
Cgl0006_1176_G_A_sub;DHA	BA000036.3	100.000	1039	0	0	1	1039	6530	7568	0.0	1919
Cgl0141_cds_del;DHA	BA000036.3	100.000	1024	0	0	1	1024	153223	154246	0.0	1892
Cgl0591_-1_Ppgk_promoter_ins;DHA	BA000036.3	100.000	1020	0	0	1	1020	604470	605489	0.0	1884
Cgl0851_ecoli_pgi_sub;DHA	BA000036.3	100.000	1035	0	0	1	1035	907756	908790	0.0	1912
Cgl1386_327_18to15_sub;DHA	BA000036.3	100.000	1032	0	0	1	1032	1454442	1455473	0.0	1906
Cgl1436_1113_CAA_del;DHA	BA000036.3	100.000	1029	0	0	1	1029	1514090	1515118	0.0	1901
Cgl1790_1647_TCC_sub;DHA	BA000036.3	100.000	1025	0	0	1	1025	1899018	1900042	0.0	1893
Cgl2342_213_GCA_ins;DHA	BA000036.3	100.000	1023	0	0	1	1023	2484875	2485897	0.0	1890
